{
  "advancedEditorSelectedIdentifier" : "ProjectBrowser",
  "openSceneRelativePaths" : [
    "Immersive.usda"
  ],
  "recentIdentifiers" : {
    "AF09ED6F-1707-48FD-8720-65B998362C09" : [

    ]
  },
  "sceneCameraHistory" : {
    "8409B9A9-C5FD-47D0-B8F1-176051A47EF4" : [
      {
        "date" : 727629534.698631,
        "title" : "Untitled",
        "transform" : [
          0.99851936,
          8.285438e-09,
          -0.054396905,
          0,
          -0.012226114,
          0.9744149,
          -0.22442427,
          0,
          0.05300514,
          0.22475702,
          0.97297215,
          0,
          0.0032079215,
          0.073347256,
          0.23287436,
          1
        ]
      },
      {
        "date" : 727629525.092353,
        "title" : "Untitled",
        "transform" : [
          0.99851936,
          8.285438e-09,
          -0.054396905,
          0,
          -0.012226112,
          0.97441477,
          -0.22442424,
          0,
          0.05300514,
          0.22475702,
          0.97297215,
          0,
          -0.00088895054,
          0.055975344,
          0.15767144,
          1
        ]
      },
      {
        "date" : 727629514.425842,
        "title" : "Untitled",
        "transform" : [
          0.9414749,
          7.404692e-09,
          0.3370829,
          0,
          -0.04982652,
          0.9890147,
          0.13916577,
          0,
          -0.33337995,
          -0.14781679,
          0.9311326,
          0,
          -0.039864633,
          0.005657023,
          0.083264634,
          1
        ]
      },
      {
        "date" : 727629507.328785,
        "title" : "Untitled",
        "transform" : [
          0.99999994,
          0,
          0,
          0,
          0,
          0.8716195,
          -0.49018297,
          0,
          0,
          0.49018297,
          0.8716195,
          0,
          -0.009464469,
          0.065024905,
          0.08130861,
          1
        ]
      },
      {
        "date" : 727629498.859149,
        "title" : "Untitled",
        "transform" : [
          0.99999994,
          0,
          0,
          0,
          0,
          0.8716195,
          -0.49018297,
          0,
          0,
          0.49018297,
          0.8716195,
          0,
          -0.015591178,
          0.11309151,
          0.13965207,
          1
        ]
      },
      {
        "date" : 727629496.751216,
        "title" : "Untitled",
        "transform" : [
          0.99999994,
          0,
          0,
          0,
          0,
          0.8716195,
          -0.49018297,
          0,
          0,
          0.49018297,
          0.8716195,
          0,
          -0.06325359,
          0.09100331,
          0.1520741,
          1
        ]
      },
      {
        "date" : 727629488.576631,
        "title" : "Untitled",
        "transform" : [
          0.99999994,
          0,
          0,
          0,
          0,
          0.8716195,
          -0.49018297,
          0,
          0,
          0.49018297,
          0.8716195,
          0,
          -0.08826935,
          0.11564104,
          0.18822864,
          1
        ]
      },
      {
        "date" : 727629483.900928,
        "title" : "Untitled",
        "transform" : [
          0.99999994,
          0,
          0,
          0,
          0,
          0.8716195,
          -0.49018297,
          0,
          0,
          0.49018297,
          0.8716195,
          0,
          -0.018302772,
          0.12919314,
          0.1806072,
          1
        ]
      },
      {
        "date" : 727629419.968943,
        "title" : "Untitled",
        "transform" : [
          0.99999994,
          0,
          0,
          0,
          0,
          0.8716195,
          -0.49018297,
          0,
          0,
          0.49018297,
          0.8716195,
          0,
          -0.09124866,
          0.17109305,
          0.28329235,
          1
        ]
      },
      {
        "date" : 727629407.83378,
        "title" : "Untitled",
        "transform" : [
          0.99999994,
          0,
          0,
          0,
          0,
          0.8716195,
          -0.49018297,
          0,
          0,
          0.49018297,
          0.8716195,
          0,
          -0.09124866,
          0.112764254,
          0.1795749,
          1
        ]
      }
    ],
    "AF09ED6F-1707-48FD-8720-65B998362C09" : [
      {
        "date" : 729117566.476533,
        "title" : "Untitled",
        "transform" : [
          1,
          0,
          0,
          0,
          0,
          0.7071069,
          -0.70710677,
          0,
          0,
          0.70710677,
          0.7071069,
          0,
          0.030008867,
          1.250884,
          0.3077255,
          1
        ]
      },
      {
        "date" : 729117497.007811,
        "title" : "Untitled",
        "transform" : [
          1,
          0,
          0,
          0,
          0,
          0.7071069,
          -0.70710677,
          0,
          0,
          0.70710677,
          0.7071069,
          0,
          0.050529942,
          1.3062055,
          0.25240412,
          1
        ]
      },
      {
        "date" : 729117493.075132,
        "title" : "Untitled",
        "transform" : [
          1,
          0,
          0,
          0,
          0,
          0.7071069,
          -0.70710677,
          0,
          0,
          0.70710677,
          0.7071069,
          0,
          0.01656421,
          1.4740869,
          0.48729205,
          1
        ]
      },
      {
        "date" : 729117473.20309,
        "title" : "Untitled",
        "transform" : [
          0.99999857,
          -4.387663e-10,
          0.0017358087,
          0,
          0.00027284137,
          0.98756945,
          -0.15718354,
          0,
          -0.0017142312,
          0.15718377,
          0.9875679,
          0,
          -0.8699799,
          -69.85472,
          -74.040665,
          1
        ]
      },
      {
        "date" : 729117449.22041,
        "title" : "Untitled",
        "transform" : [
          0.99999857,
          -1.9084082e-08,
          0.0017358114,
          0,
          0.0002728602,
          0.9875694,
          -0.15718353,
          0,
          -0.0017142312,
          0.15718377,
          0.9875679,
          0,
          -0.8699799,
          -69.85472,
          -74.040665,
          1
        ]
      },
      {
        "date" : 729117442.611907,
        "title" : "Untitled",
        "transform" : [
          0.99999857,
          -1.9084082e-08,
          0.0017358114,
          0,
          0.0002728602,
          0.9875694,
          -0.15718353,
          0,
          -0.0017142312,
          0.15718377,
          0.9875679,
          0,
          -0.7484539,
          -69.82662,
          -74.04493,
          1
        ]
      },
      {
        "date" : 729117440.127915,
        "title" : "Untitled",
        "transform" : [
          0.99999857,
          -1.9084082e-08,
          0.0017358114,
          0,
          0.0002728602,
          0.9875694,
          -0.15718353,
          0,
          -0.0017142312,
          0.15718377,
          0.9875679,
          0,
          -0.7045911,
          -69.59202,
          -74.08219,
          1
        ]
      },
      {
        "date" : 729117437.41144,
        "title" : "Untitled",
        "transform" : [
          0.99999857,
          -1.9084082e-08,
          0.0017358114,
          0,
          0.0002728602,
          0.9875694,
          -0.15718353,
          0,
          -0.0017142312,
          0.15718377,
          0.9875679,
          0,
          -0.6366795,
          -69.46228,
          -74.10272,
          1
        ]
      },
      {
        "date" : 729117434.175647,
        "title" : "Untitled",
        "transform" : [
          0.99999857,
          -1.9084082e-08,
          0.0017358114,
          0,
          0.0002728602,
          0.9875694,
          -0.15718353,
          0,
          -0.0017142312,
          0.15718377,
          0.9875679,
          0,
          -0.5613929,
          -69.48309,
          -74.58882,
          1
        ]
      },
      {
        "date" : 729107685.563577,
        "title" : "Untitled",
        "transform" : [
          0.99999857,
          -1.9084082e-08,
          0.0017358114,
          0,
          0.0002728602,
          0.9875694,
          -0.15718353,
          0,
          -0.0017142312,
          0.15718377,
          0.9875679,
          0,
          -0.54083776,
          -69.52488,
          -75.708336,
          1
        ]
      }
    ]
  },
  "selectedSceneRelativePath" : "Immersive.usda"
}